KNN: [0.27704838 0.28097996 0.27704838 0.26943016]
SVM: [0.30891751 0.34682378 0.30891751 0.30225134]
RandomForest: [0.74409328 0.74534108 0.74409328 0.73729688]

KNN+RandomForest: [0.46458058 0.55288859 0.46458058 0.45280963]
SVM+RandomForest: [0.45393665 0.57197679 0.45393665 0.45278019]